Father qualification and previous qualifications group by
 979 1,37
 841 1,19
 777 1,1
 614 1,38
 235 1,3
  73 19,37
  72 1,34
  58 1,2
  53 39,37
  50 39,1
  42 39,19
  40 3,37
  39 39,38
  36 1,12
  34 19,19
  27 1,4
  22 19,1
  20 3,19
  19 39,3
  19 12,37
  18 19,38
  16 2,37
  15 3,38
  15 3,1
  13 40,37
  13 3,3
  13 1,39
  12 42,19
  12 1,5
  10 40,1
  10 1,11
   9 19,34
   8 42,38
   8 42,1
   8 40,19
   8 12,34
   8 12,1
   7 39,4
   7 3,34
   6 42,37
   6 40,3
   6 1,36
   5 9,34
   5 1,40
   4 6,37
   4 6,34
   4 4,3
   4 39,2
   4 3,2
   4 12,19
   4 1,9
   4 1,30
   4 1,14
   3 6,19
   3 6,1
   3 38,37
   3 3,4
   3 12,38
   3 1,22
   2 9,37
   2 9,1
   2 43,19
   2 43,1
   2 4,1
   2 39,5
   2 39,39
   2 38,1
   2 3,39
   2 2,38
   2 2,34
   2 19,3
   2 10,34
   2 1,6
   2 1,43
   2 1,29
   2 1,10
   1 9,36
   1 9,22
   1 6,35
   1 6,29
   1 5,1
   1 43,5
   1 43,39
   1 42,4
   1 42,3
   1 40,38
   1 40,34
   1 40,2
   1 4,5
   1 4,38
   1 39,41
   1 38,38
   1 38,19
   1 3,9
   1 3,5
   1 3,35
   1 3,27
   1 3,26
   1 3,20
   1 3,12
   1 2,3
   1 2,19
   1 2,1
   1 19,5
   1 19,4
   1 19,39
   1 19,2
   1 15,34
   1 15,1
   1 14,34
   1 12,39
   1 12,3
   1 12,12
   1 10,37
   1 10,36
   1 1,44
   1 1,42
   1 1,41
   1 1,33
   1 1,31
   1 1,26
   1 1,25
   1 1,18
   1 1,13
