Mother qualification and previous qualifications group by
 922 1,1
 834 1,19
 787 1,37
 501 1,38
 370 1,3
  91 1,34
  76 19,37
  68 1,2
  65 39,1
  42 39,37
  42 3,37
  39 1,4
  38 39,19
  37 1,12
  32 19,19
  27 39,3
  26 39,38
  26 12,37
  22 3,19
  21 3,3
  20 3,1
  20 19,38
  19 42,1
  14 2,37
  14 19,1
  14 1,5
  13 40,1
  11 40,37
  10 42,19
   9 19,34
   7 39,4
   7 39,2
   7 12,34
   7 12,1
   7 1,9
   7 1,40
   6 6,1
   6 40,19
   6 3,34
   6 1,39
   5 9,34
   5 19,3
   5 1,41
   4 6,34
   4 40,3
   4 4,3
   4 39,5
   4 3,38
   4 19,2
   3 9,37
   3 6,37
   3 42,3
   3 3,2
   3 12,19
   3 1,43
   3 1,36
   3 1,30
   3 1,29
   3 1,11
   3 1,10
   2 43,19
   2 42,38
   2 40,38
   2 39,12
   2 38,37
   2 38,19
   2 2,38
   2 2,34
   2 2,3
   2 2,19
   2 15,34
   2 10,34
   2 1,6
   2 1,42
   2 1,14
   1 9,6
   1 9,38
   1 9,1
   1 6,38
   1 6,35
   1 6,19
   1 5,19
   1 43,40
   1 43,38
   1 43,37
   1 43,3
   1 42,40
   1 42,37
   1 40,5
   1 40,43
   1 40,41
   1 40,34
   1 4,5
   1 4,4
   1 4,2
   1 4,1
   1 39,39
   1 38,38
   1 38,3
   1 38,1
   1 3,9
   1 3,6
   1 3,5
   1 3,4
   1 3,39
   1 3,35
   1 3,27
   1 3,12
   1 2,42
   1 19,42
   1 19,4
   1 14,34
   1 12,38
   1 12,12
   1 10,37
   1 10,12
   1 1,44
   1 1,35
   1 1,26
   1 1,22
   1 1,18
